Model outputs/far-right-psychological.model, version 0.2, created at 2022-01-19 

Accuracy: 0.742432226081533
Recall: 0.6915302427863791 
Precision: 0.7556860936475956
F-Measure: 0.7221861371439177

clout: 0.07949661848452727
analytic: 0.08853082516454568
tone: 0.049017825935694294
authentic: 0.07009014294003407
anger: 0.10419649123814285
sadness: 0.014222147357753978
anxiety: 0.011636508714381112
power: 0.09146098888242914
reward: 0.0576242057232406
risk: 0.022544752946568106
achievement: 0.06505179327831397
affiliation: 0.05426762090080533
i_pronoun: 0.07375225109618799
p_pronoun: 0.07560396689792677
minkowski: 0.14250386043944901